#include <iostream>
#include <vector>
#include <cmath>

using namespace std;

double predict(double x1, double x2, double x3, double x4, double x5, double x6, double w0, double w1, double w2, double w3, double w4, double w5, double w6)
{
    return w0 + w1 * x1 + w2 * x2 + w3 * x3 + w4 * x4 + w5 * x5 + w6 * x6;
}

double calculateMSE(const std::vector<double>& X1, const std::vector<double>& X2, const std::vector<double>& X3, const std::vector<double>& X4, const std::vector<double>& X5, const std::vector<double>& X6, const std::vector<double>& Y, double w0, double w1, double w2, double w3, double w4, double w5, double w6)
{
    double mse = 0.0;
    int numSamples = X1.size();

    for (int i = 0; i < numSamples; i++)
    {
        double prediction = predict(X1[i], X2[i], X3[i], X4[i], X5[i], X6[i], w0, w1, w2, w3, w4, w5, w6);
        double error = Y[i] - prediction;
        mse += pow(error, 2);
    }

    mse /= numSamples;
    return mse;
}


void trainModel(std::vector<double>& X1, std::vector<double>& X2, std::vector<double>& X3, std::vector<double>& X4, std::vector<double>& X5, std::vector<double>& X6, std::vector<double>& Y, double& w0, double& w1, double& w2, double& w3, double& w4, double& w5, double& w6, double learningRate, int numIterations)
{
    int numSamples = X1.size();

    for (int iteration = 0; iteration < numIterations; iteration++)
    {
        double w0Gradient = 0.0;
        double w1Gradient = 0.0;
        double w2Gradient = 0.0;
        double w3Gradient = 0.0;
        double w4Gradient = 0.0;
        double w5Gradient = 0.0;
        double w6Gradient = 0.0;

        for (int i = 0; i < numSamples; i++)
        {
            double prediction = predict(X1[i], X2[i], X3[i], X4[i], X5[i], X6[i], w0, w1, w2, w3, w4, w5, w6);
            double error = Y[i] - prediction;

            w0Gradient += error;
            w1Gradient += error * X1[i];
            w2Gradient += error * X2[i];
            w3Gradient += error * X3[i];
            w4Gradient += error * X4[i];
            w5Gradient += error * X5[i];
            w6Gradient += error * X6[i];
        }

        w0 += (learningRate * w0Gradient) / numSamples;
        w1 += (learningRate * w1Gradient) / numSamples;
        w2 += (learningRate * w2Gradient) / numSamples;
        w3 += (learningRate * w3Gradient) / numSamples;
        w4 += (learningRate * w4Gradient) / numSamples;
        w5 += (learningRate * w5Gradient) / numSamples;
        w6 += (learningRate * w6Gradient) / numSamples;
    }
}

int main()
{
	// Parametrii modelului de regresie liniara
    double w0 = 0.0;
    double w1 = 0.0;
    double w2 = 0.0;
    double w3 = 0.0;
    double w4 = 0.0;
    double w5 = 0.0;
    double w6 = 0.0;
    
    // Lotul de antrenare

    vector<double> testX1 = {19,32,46,62,23,27,56,60,18,63,23,19,63,28,19,60,55,18,28,60,36,21,34,64,20,19,28,27,58,44,57,45,48,45,55,54,21,60,58,29,49,44,52,32,61,20,22,19,34,26,29,53,42,42,37,47,19,63,41,58,61,36,56,19,19,60,27,28,40,26,24,34,42,42,19,39,40,31,55,63,56,38,19,58,53,45,41,47,22,40,54,55,52,22,18,31,48,53,30,58,44,34,57,29,40,43,60,46,24,62,46,50,18,48,21,56,44,61,42,26,20,44,58,50,64,49,52,52,36,64,63,21,27,29,33,59,56,60,59,56,40,18,25,51,48,61,18,61,31,44,62,24,58,51,42,64,38,53,63,49,54,25,43,63,32,62,25,46,18,19,48,18,30,62,57,31,19,61,58,47,41,43,19,51,30,20,55,30,49,29,36,24,64,35,39,56,42,61,23,48,40,18,53,59,52,26,27,57,32,49,40,29,36,49,53,47,27,26,53,41,50,34,47,50,60,62,19,30,18,53,48,59,49,26,29,45,53,37,64,58,30,18,45,64,38,61,53,40,35,53,30,18,51,50,60,21,19,22,53,58,64,21,23,46,54,23,18,63,36,28,35,57,51,23,55,37,20,57,55,61,25,50,44,37,23,21,18,49,44,63,22,43,61,62,38,43,50,39,18,50,19,42,42,51,44,19,29,63,46,52,48,26,45,39,63,24,28,48,43,59,19,51,22,47,47,19,23,55,18,45,19,43,27,21,18,32,55,56,23,50,51,49,26,55,41,30,46,53,27,63,35,19,57,19,41,52,20,18,20,18,37,18,22,23,41,31,18,46,40,33,56,52,54,45,24,40,55,24,20,45,43,26,57,28,20,18,28,42,30,57,18,18,61};
    vector<double> testX2 = {0,1,0,0,1,1,1,0,1,0,1,0,1,1,1,1,1,0,0,0,1,0,0,1,0,0,1,0,1,1,1,0,0,1,0,1,0,1,1,0,0,1,0,0,0,0,0,1,1,1,1,0,0,0,1,1,0,1,0,1,1,0,0,1,0,0,0,0,1,0,0,0,1,0,0,1,0,1,0,0,1,0,1,0,0,1,1,0,0,0,1,0,1,0,1,1,0,0,0,1,0,1,1,1,1,0,1,0,0,1,1,0,0,0,0,0,1,0,0,1,1,1,0,1,1,1,0,1,0,1,0,0,0,0,0,0,1,1,1,1,0,0,1,0,1,0,0,1,0,0,0,0,1,0,1,1,1,1,0,1,0,0,0,1,0,1,0,0,0,0,1,0,0,0,0,0,1,0,0,1,1,1,0,0,1,0,0,1,0,0,1,1,1,0,1,1,1,1,0,1,0,1,0,0,0,0,1,0,0,1,0,0,1,0,1,0,1,0,0,1,0,0,0,0,1,1,1,0,0,1,0,0,0,1,1,1,1,0,1,0,1,1,0,0,0,1,0,1,1,1,1,1,1,0,1,1,1,0,1,0,0,1,1,0,1,1,0,1,0,0,0,0,0,1,1,0,0,1,0,1,0,1,1,0,1,0,0,1,0,1,1,0,0,0,1,1,1,0,1,0,1,1,1,1,1,0,0,0,1,1,1,1,0,0,0,1,1,0,1,1,0,1,0,1,0,1,1,0,1,0,1,0,0,1,1,1,1,1,1,0,0,0,1,1,1,0,1,0,0,0,0,0,1,0,0,0,0,0,0,0,0,1,0,0,1,0,1,0,1,0,1,1,0,0,1,0,0,1,0,1,1,1,1,0,1,1,0,1,0,0,0,0,0};
    vector<double> testX3 = {27.9,28.88,33.44,26.29,34.4,42.13,40.3,36.005,34.1,23.085,17.385,28.6,28.31,36.4,20.425,39.9,37.3,38.665,34.77,24.53,35.2,33.63,37.335,24.7,22.42,28.9,23.98,24.75,32.01,27.4,34.01,38.285,41.23,22.895,26.98,33.63,35.72,28.595,49.06,27.94,27.17,31.35,37.4,17.765,22.04,28.785,28.05,34.1,22.42,32.49,29.735,37.43,23.37,26.6,29.64,28.215,31.825,41.47,33.155,28.595,31.57,26.2,26.6,30.59,32.11,24.035,36.08,28.88,41.23,29.92,23.21,33.7,24.64,36.195,17.8,24.51,22.22,38.39,26.8,27.74,33.63,40.15,31.92,25.2,38.06,30.2,37.05,26.6,24.3,28.12,40.565,32.395,26.4,28.82,22.99,34.39,28.88,22.61,33.33,34.865,27.645,30.8,40.945,27.2,34.105,35.72,25.74,27.72,27.6,30.02,33.345,25.6,20.79,32.3,26.4,32.3,32.015,21.09,33.155,32.9,33.33,22.135,39.05,25.365,25.6,32.3,38.38,34.1,22.6,39.16,26.98,16.815,30.4,20.235,33.5,36.52,26.695,29.64,37.4,39.6,33,24.09,35.625,39.5,34.3,25.08,25.08,43.4,23.6,23.98,39.2,25.27,35.7,33.915,26.07,40.48,28.025,31.35,36.3,25.84,46.7,28.595,46.2,30.8,28.93,21.4,41.325,19.95,32.12,30.495,40.565,37.29,43.12,36.86,34.295,38.095,30.59,35.91,29,19.57,40.26,32.6,28.31,34.1,37.8,33,37.1,31.4,21.3,26.03,28.88,29.3,38.19,38.095,26.41,33.66,28.31,33.915,34.96,30.78,23.37,28.5,39.6,35.2,25.3,42.4,33.155,23.98,31.54,28.7,29.81,31.16,29.7,23.18,24.32,24.1,31.13,40.185,32.3,35.75,44.745,26.41,29.545,23.54,28.9,37.4,35.4,39.05,40.28,21.4,27.265,32.1,34.77,23.7,35.5,24.035,34.105,26.4,37.905,22.77,37.43,38.17,25.175,39.7,19.475,36.1,26.7,32.3,34.32,28.88,24.4,41.14,35.97,27.6,36.955,36.86,27.6,23.18,20.9,33.1,35.97,22.3,26.51,30.8,21.01,37.1,31.13,33.1,25.84,23.845,23.465,29.81,34.2,50.38,32.775,30.78,29.6,28.1,33.535,23.655,24.3,36.2,21.85,29.5,27.36,22.135,40.26,36.85,32.34,39.8,28.31,26.885,28.2,25,31,23.2,32.11,32.5,23.21,46.09,22.61,35.8,31.255,42.9,30.2,39.615,25.9,35.2,24.795,36.765,40.15,29.15,27.645,34.1,36.85,25.8,29.26,22.8,20.13,25.46,24.605,37,31.02,36.08,45.32,26.03,18.715,35.2,21.565,30.495,27.265,25.08,21.47,26.03,21.78,27.835,28.975,22.1,32.7,33.7,34.96,29.925,30,32.67,29.64,19.95,38.17,36.86,32.395,25.08,35.86,18.6,40.28,32.49,32.6,24.86,31.92,30.305,30.59,28.215,34.105,27.36,27.1,28.49,33.55,25.8,21.47,34.6,24.97,39.82,34.43,34.485,24.605,25.7,29.83,29.3,30.5,31.065,33.3,27.5,25.52,27.06,23.7,17.29,39.4,26.125,26.51,24.605,23.655,25.74,31.92,36.85,29.07};
    vector<double> testX4 = {0,0,1,0,0,0,0,0,0,0,1,5,0,1,0,0,0,2,0,0,1,2,2,1,0,0,3,0,1,2,0,0,4,2,0,1,0,0,0,1,0,1,0,2,0,0,0,0,2,1,2,1,0,0,0,4,1,0,3,0,0,0,1,0,0,0,0,1,1,1,0,1,0,1,0,2,2,2,1,0,0,0,0,0,3,1,2,2,0,1,3,1,3,0,0,3,1,3,1,0,0,0,0,0,1,2,0,1,0,0,1,0,0,2,1,3,2,0,1,2,0,2,0,2,2,3,2,0,2,1,0,1,3,2,0,1,1,0,0,0,3,1,0,1,3,0,0,0,2,2,0,0,0,0,1,0,1,0,0,2,2,0,0,0,0,0,0,2,2,0,2,1,2,1,2,1,0,0,0,1,0,2,0,0,2,0,0,1,1,0,3,0,0,2,0,4,3,0,3,3,3,0,1,0,2,1,2,1,1,1,1,0,0,2,0,1,1,0,2,1,0,1,1,2,0,0,0,3,0,1,1,3,1,2,2,2,0,0,0,0,3,0,2,0,2,3,2,2,3,0,3,0,1,1,0,0,0,0,0,0,0,1,0,3,2,3,0,0,0,2,2,0,1,1,0,0,0,0,2,0,3,0,3,2,1,0,0,0,1,3,1,0,0,0,1,0,2,1,0,1,0,2,0,2,2,1,0,1,3,2,0,1,1,3,0,0,2,0,2,0,1,0,3,1,1,1,0,0,0,1,2,0,0,0,2,1,0,0,3,4,2,0,1,1,5,3,2,3,1,0,2,0,0,0,3,0,0,0,0,0,1,1,0,1,0,2,0,1,2,1,0,3,3,3,0,4,0,0,0,3,5,0,0,0,2,0,2,2,3,2,0,0,0};
    vector<double> testX5 = {1,0,0,1,0,1,0,0,0,0,0,0,0,1,0,1,0,0,0,0,1,0,0,0,1,0,1,1,0,0,0,0,0,1,0,0,0,0,0,1,0,1,0,1,0,0,0,0,0,0,0,0,1,1,0,0,0,0,0,0,0,0,0,0,0,0,1,0,0,0,0,0,1,0,0,0,1,0,0,1,1,0,1,0,0,0,0,0,0,1,1,0,0,0,0,1,0,1,0,0,0,1,0,0,0,0,0,0,0,0,0,0,0,0,0,0,0,0,0,1,0,0,0,0,0,0,0,0,1,0,1,0,0,0,1,0,1,0,0,0,0,0,0,0,0,0,0,0,0,0,0,0,0,0,1,0,0,0,0,1,0,0,1,0,0,0,0,0,0,0,1,0,0,0,0,1,0,0,0,0,0,0,1,0,1,0,0,0,0,0,0,0,0,0,1,0,1,0,0,0,0,0,0,0,1,0,0,0,0,0,0,0,0,0,0,0,1,0,0,1,0,0,0,0,0,0,0,1,0,0,0,0,0,0,1,0,1,1,0,0,0,1,0,0,0,0,0,0,0,0,1,0,0,1,0,0,0,0,1,0,0,0,0,0,0,0,0,0,0,0,0,1,0,0,0,1,0,0,0,0,0,0,0,0,0,0,0,0,0,0,0,1,0,0,0,0,0,0,0,0,0,0,0,1,1,0,0,0,0,0,0,0,0,0,0,0,0,0,1,0,0,0,1,1,0,1,0,1,1,1,0,0,0,0,0,0,0,0,0,0,1,0,0,0,0,0,0,1,0,0,0,0,0,1,0,0,0,0,0,0,0,1,0,1,0,0,0,1,0,0,0,1,0,0,1,0,0,1,0,0,0,1,0,0,1,0,0,1,1,0,0,0,1};
    vector<double> testX6 = {1,3,0,0,1,0,1,2,0,2,3,1,3,1,3,1,1,2,3,0,0,3,3,3,3,1,0,0,0,1,3,2,3,3,3,3,3,2,0,0,0,2,1,3,2,2,0,1,2,2,3,3,2,3,3,2,3,0,2,3,0,1,3,3,3,3,0,2,2,0,0,1,0,3,1,3,0,0,1,2,3,0,3,1,0,1,3,2,1,2,2,2,0,0,2,3,3,2,0,2,3,1,2,1,2,2,0,0,1,3,2,1,0,2,1,2,3,3,2,1,0,2,0,3,1,3,2,0,1,0,3,2,3,3,1,0,3,2,1,1,0,0,3,1,1,0,2,1,1,0,1,2,1,2,0,0,2,0,0,3,1,2,0,1,0,1,2,3,0,3,3,0,0,2,2,2,3,2,1,3,0,1,3,0,1,0,1,1,1,3,2,1,2,2,2,0,3,2,3,2,2,2,0,0,0,1,3,0,2,1,0,2,0,3,3,1,0,3,2,0,2,3,3,0,1,1,1,0,2,1,2,1,3,1,1,2,2,0,3,0,2,0,2,1,3,1,1,3,0,3,1,0,0,1,2,3,1,2,0,1,0,1,0,1,0,1,0,1,3,3,2,0,1,0,3,2,1,1,3,2,1,1,2,1,3,2,0,0,0,1,3,3,1,1,1,1,2,1,0,0,3,1,3,0,1,3,1,0,2,3,0,0,3,1,0,1,2,1,0,3,3,1,0,0,0,3,3,0,2,3,3,2,3,2,0,3,2,1,1,1,2,3,1,0,2,3,0,3,2,3,0,1,2,3,1,0,3,2,2,2,3,2,1,0,0,1,2,1,0,0,0,3,3,1,2,1,1,2,1,1,0,0,1,2,1,2,0,2,3,0,2,0,3};
    vector<double> testY = {16884.924,3866.8552,8240.5896,27808.7251,1826.843,39611.7577,10602.385,13228.84695,1137.011,14451.83515,2775.19215,4687.797,13770.0979,51194.55914,1625.43375,48173.361,20630.28351,3393.35635,3556.9223,12629.8967,38709.176,3579.8287,5989.52365,30166.61817,14711.7438,1743.214,17663.1442,16577.7795,11946.6259,7726.854,11356.6609,7935.29115,11033.6617,21098.55405,11082.5772,10825.2537,2404.7338,30259.99556,11381.3254,19107.7796,8601.3293,39556.4945,9634.538,32734.1863,13616.3586,2457.21115,2155.6815,1261.442,27375.90478,3490.5491,18157.876,10959.6947,19964.7463,21348.706,5028.1466,10407.08585,2719.27975,13405.3903,8538.28845,11735.87905,12557.6053,4883.866,12044.342,1639.5631,2130.6759,13012.20865,37133.8982,4337.7352,6610.1097,3392.9768,25081.76784,5012.471,19515.5416,7443.64305,1727.785,6710.1919,19444.2658,4463.2051,35160.13457,29523.1656,43921.1837,5400.9805,33750.2918,11837.16,20462.99766,7441.053,7265.7025,9715.841,2150.469,22331.5668,48549.17835,11879.10405,25992.82104,2156.7518,1704.5681,38746.3551,9249.4952,24873.3849,4151.0287,11944.59435,7421.19455,35491.64,11566.30055,2866.091,6600.20595,19144.57652,12142.5786,8232.6388,18955.22017,13352.0998,8334.45755,8932.084,1607.5101,10043.249,2597.779,13430.265,8116.26885,13415.0381,7639.41745,36085.219,1391.5287,8302.53565,11856.4115,30284.64294,14988.432,10269.46,11396.9002,9140.951,18608.262,14418.2804,28950.4692,3167.45585,18804.7524,4906.40965,37079.372,28287.89766,26109.32905,12730.9996,21797.0004,10601.412,7682.67,2201.0971,2534.39375,9880.068,9563.029,24513.09126,2196.4732,12574.049,4931.647,8211.1002,13470.86,3044.2133,11362.755,9866.30485,38245.59327,13831.1152,6067.12675,27346.04207,13887.204,23807.2406,11538.421,3213.62205,45863.205,13390.559,3972.9247,12957.118,17878.90068,9193.8385,2801.2588,2128.43105,45702.02235,2219.4451,4753.6368,31620.00106,13224.05705,58571.07448,1639.5631,13635.6379,11842.442,8428.0693,5709.1644,7441.501,17468.9839,9283.562,39241.442,1880.07,10713.644,3659.346,9182.17,3736.4647,6748.5912,1977.815,14410.9321,24915.04626,20149.3229,12949.1554,32787.45859,13143.86485,4466.6214,10141.1362,8252.2843,1712.227,10579.711,12244.531,24667.419,3410.324,4058.71245,22192.43711,5148.5526,8703.456,6500.2359,3943.5954,4399.731,10156.7832,9863.4718,26236.57997,34806.4677,3201.24515,29186.48236,40273.6455,9541.69555,5385.3379,8930.93455,10107.2206,12146.971,12979.358,1263.249,40932.4295,2217.6012,10065.413,9447.25035,14007.222,9583.8933,3484.331,44585.45587,8604.48365,43254.41795,19539.243,14210.53595,11833.7823,5428.7277,36307.7983,9095.06825,14319.031,6933.24225,27941.28758,11150.78,6986.697,5934.3798,9869.8102,18259.216,1146.7966,9386.1613,24520.264,12741.16745,1917.3184,1252.407,2731.9122,21195.818,11848.141,14313.8463,2103.08,1815.8759,9414.92,11013.7119,3597.596,1621.8827,13393.756,5266.3656,4719.73655,6402.29135,27533.9129,9872.701,2438.0552,10601.63225,37270.1512,1875.344,10965.446,12269.68865,13129.60345,4391.652,8457.818,8891.1395,6311.952,2789.0574,2585.85065,1634.5734,8125.7845,7633.7206,15170.069,2639.0429,21774.32215,13041.921,13451.122,5488.262,6250.435,25333.33284,6238.298,1121.8739,9549.5651,1628.4709,7160.094,6358.77645,47462.894,38998.546,2730.10785,3353.284,14474.675,9500.57305,26467.09737,7804.1605,2902.9065,28340.18885,7418.522,13887.9685,1972.95,4438.2634,8269.044,18767.7377,12124.9924,2709.24395,8798.593,35595.5898,42211.1382,8569.8618,16450.8947,21595.38229,44423.803,13747.87235,39725.51805,22493.65964,7325.0482,3353.4703,2102.2647,11884.04858,4454.40265,10796.35025,10577.087,3591.48,11299.343,44641.1974,8988.15875,2904.088,10807.4863,9222.4026,5693.4305,8347.1643,46661.4424,18903.49141,14254.6082,5836.5204,1728.897,20709.02034,36898.73308,7954.517,27117.99378,2261.5688,2203.73595,2459.7201,2200.83085,6112.35295,17178.6824,2154.361,18328.2381,5699.8375,4934.705,1702.4553,41661.602,6593.5083,4795.6568,10594.2257,60021.39897,12479.70895,9101.798,18648.4217,15828.82173,10704.47,34254.05335,1880.487,8615.3,14478.33015,17043.3414,10959.33,3732.6251,38344.566,1708.92575,4340.4409,21259.37795,18765.87545,12629.1656,2205.9808,1629.8335,29141.3603};
    
    // Lotul de testare
    vector<double> X1 = {18,28,33,31,37,37,60,25,56,19,52,23,30,30,34,37,59,55,31,22,18,62,26,35,24,31,41,37,38,18,48,36,40,58,58,18,53,43,25,28,61,40,40,31,53,29,21,22,41,31,22,37,57,56,46,21,53,59,35,64,28,54,55,56,38,41,30,18,61,34,20,19,26,29,63,55,37,52,37,44,18,20,47,26,19,38,59,53,19,22,54,22,34,30,29,46,51,19,35,48,32,40,44,48,18,30,50,18,54,32,20,32,27,49,18,35,24,63,38,54,46,18,22,44,44,36,26,30,41,29,25,18,39,45,51,64,48,46,59,35,63,20,40,24,34,45,41,53,27,53,32,19,55,28,58,41,47,59,59,18,19,44,23,33,40,54,60,24,19,29,18,63,54,27,50,55,51,20,52,19,46,40,59,49,18,50,50,25,19,59,51,30,52,46,46,63,59,28,29,25,25,19,47,36,56,28,57,29,28,41,50,19,43,49,27,52,50,54,32,34,26,27,45,64,52,61,52,61,56,64,62,50,60,63,49,34,33,36,19,57,30,33,18,46,46,47,23,35,19,21,49,42,18,57,23,39,24,64,62,27,55,55,35,19,26,24,48,19,48,49,46,46,43,21,18,51,47,64,31,33,47,38,32,19,44,26,25,19,43,64,61,40,25,48,45,38,18,19,42,60,31,60,22,35,52,26,31,18,45,56,40,35,39,30,24,20,32,55,57,49,42,62,56,19,30,60,56,28,27,18,19,47,54,61,24,21,23,63,49,18,31,54,19,44,53,19,21,20,45,29,43,51,19,38,37,22,21,57,56,27,51,19,39,20,45,35,31,50,32,38,18,19,51,46,18,57,62,59,37,33,46,46,34,20,54,54,28,52,28,46,34,35,19,54,27,50,38,41,49,31,58,22,52,25,59,39,32,19,33,21,34,38,20,21,46,42,34,52,18,51,56,64,27,59,28,47,38,18,34,47,56,49,19,37,18,59,33,58,44,53,29,40,51,19,33,43,39,58,49,48,45,48,57,37,18,64,43,40,62,30,41,44,45,55,60,56,21,19,39,33,53,42,40,21,47,20,24,27,56,23,21,53,33,51,49,31,36,18,43,20,24,49,60,51,58,51,53,50,41,29,41,35,24,37,23,27,31,50,50,34,19,47,28,21,24,31,39,47,22,23,33,27,57,47,42,44,19,41,51,45,31,35,29,62,39,39,27,30,30,33,42,18,45,40,19,18,25,33,28,36,20,24,47,33,45,26,44,60,64,56,36,41,39,58,36,42,36,56,59,21,59,23,53,60,27,61,46,53,49,48,25,25,37,38,36,51,40,18,57,26,42,43,23,49,33,41,22,51,25,32,57,36,22,57,64,36,54,47,62,61,43,19,19,49,60,26,60,26,27,32,18,59,44,33,24,45,35,62,34,19,57,62,41,26,46,45,32,59,44,39,18,53,18,62,56,37,25,57,30,34,31,54,24,43,48,35,51,44,21,39,50,34,22,19,26,29,45,36,54,34,31,27,20,44,43,34,24,26,38,50,38,27,39,33,36,30,24,48,47,29,47,25,51,61,48,38,26,54,21,18,21,54,37,46,30,61,54,22,22,35,18,20,28,55,43,22,25,49,44,64,49,47,55,48,45,24,32,24,57,59,36,29,42,48,39,63,54,37,63,21,54,60,32,47,28,63,38,32,62,39,57,52,47,55,22,18,22,52,25,33,53,29,58,37,54,50,45,54,38,48,28,23,25,33,23,23,55,34,39,27,52,28,50,44,26,33,50,39,50,52,60,55,42,58,43,35,48,36,19,23,32,43,34,30,41,35,57,29,32,43,56,38,29,52,40,23,31,42,24,25,48,45,20,62,43,23,31,41,58,48,31,19,19,40,37,46,22,51,18,35,59,36,37,59,36,39,52,27,18,40,29,38,30,50,20,41,38,42,58,20,58,45,26,63,58,37,25,52,64,22,28,18,28,33,18,32,19,20,34,42,51,54,55,52,32,28,41,43,49,64,26,25,35,22,32,39,25,48,47,18,18,61,47,36,44,38,19,21,46,58,20,33,19,45,62,25,43,24,29,32,25,41,42,33,34,19,18,19,18,35,39,31,62,62,42,31,61,42,51,23,52,23,52,50,21};
    vector<double> X2 = {1,1,1,0,0,1,0,1,0,1,0,1,1,0,0,1,0,0,1,1,0,0,1,1,0,0,1,0,1,0,1,1,0,1,0,1,0,1,1,0,0,1,0,1,0,0,1,0,0,1,1,0,0,0,0,0,0,1,1,0,0,0,1,1,1,0,1,0,0,0,1,0,1,1,1,0,1,1,0,1,1,0,0,0,0,1,0,0,1,1,0,0,1,1,0,1,0,1,1,1,0,0,1,1,1,1,0,0,1,0,0,0,1,1,1,0,0,0,1,1,0,0,1,0,1,1,0,0,0,0,1,1,0,0,0,0,0,1,1,1,0,1,1,1,0,0,0,0,1,0,1,1,1,1,0,0,1,0,1,0,1,1,0,0,1,1,0,1,1,1,1,0,1,1,1,0,1,0,1,1,1,1,0,1,1,1,1,1,1,1,0,1,0,1,0,0,0,0,1,1,1,1,1,1,0,0,0,1,0,0,1,0,1,1,0,1,1,1,1,1,0,0,1,0,1,0,1,0,0,1,1,1,0,1,0,0,1,0,1,0,0,1,0,1,1,1,1,1,0,0,0,0,1,0,0,0,1,0,1,0,1,1,0,1,0,0,1,0,1,1,0,1,0,1,0,0,1,0,1,0,0,1,1,1,0,0,1,0,0,1,1,1,1,1,1,0,0,1,1,0,1,1,1,1,0,1,0,1,0,0,0,1,1,1,1,1,1,0,0,0,1,0,1,1,0,0,0,0,1,0,0,0,1,1,1,1,1,1,1,0,0,0,1,0,1,0,1,1,1,1,1,1,1,0,1,1,1,0,1,1,1,1,1,1,1,0,1,0,0,0,0,0,0,1,1,1,0,1,1,0,0,0,0,0,0,1,1,0,1,1,1,0,1,0,1,1,0,1,0,0,0,1,1,0,1,1,0,1,0,1,0,0,1,0,0,0,0,0,0,1,0,0,0,0,1,0,0,0,0,0,0,1,0,1,1,1,1,1,0,1,0,1,1,0,1,1,1,0,0,0,0,0,0,1,1,0,1,0,1,1,0,0,1,0,1,1,0,1,1,0,1,1,1,1,1,1,1,0,1,0,0,1,0,0,1,0,0,1,0,1,0,0,1,0,0,0,1,0,1,0,0,1,0,0,1,1,0,1,0,1,1,0,1,1,1,1,0,0,0,1,1,1,0,1,0,0,0,1,1,1,0,0,1,0,0,0,1,1,0,1,0,0,0,0,0,1,1,0,1,1,0,0,0,0,1,1,0,1,0,1,1,1,1,1,1,1,1,0,0,1,1,0,1,0,0,1,0,0,0,0,1,0,0,0,0,1,1,1,1,0,1,1,0,0,1,1,1,0,1,1,1,0,1,1,0,0,1,1,1,0,0,1,0,1,1,1,0,0,1,0,1,0,0,1,0,1,0,0,1,0,0,0,1,1,1,0,1,0,1,0,1,1,0,1,0,1,1,1,0,1,1,1,1,1,1,1,1,1,1,0,0,0,0,0,1,1,0,0,1,1,1,0,1,0,1,1,0,0,0,0,1,0,0,0,0,1,1,1,1,1,1,1,1,0,1,0,0,0,0,1,0,1,0,0,0,1,0,1,1,0,1,1,0,1,0,1,0,1,0,1,1,1,1,0,0,0,1,1,1,1,1,0,0,1,1,1,0,1,1,1,0,0,0,0,1,1,1,1,0,0,1,1,1,0,0,0,1,0,0,0,1,1,1,1,0,0,1,0,1,0,0,1,1,1,0,0,1,1,0,1,0,1,0,0,0,1,1,1,1,1,1,1,1,0,0,0,0,0,1,0,0,0,1,1,0,0,1,0,1,0,0,1,1,0,0,0,1,0,0,0,0,1,1,0,0,0,0,0,0,0,0,0,0,1,1,1,1,1,0,1,0,1,0,1,1,1,0,0,1,1,1,0,0,1,0,1,1,1,1,0,1,0,1,0,0,1,0,1,1,0,0,1,1,1,0,1,1,1,0,0,0,0,1,0,0,1,0,0,0,1,1,0,1,0,0,1,0,0,0,0,1,1,0,0,1,0,1,1,1,1,1,1,0,1,1,0,1,0,0,1,0,1,1,0,1,0,1,0,1,1,0,1,1,1,0,1,1,0,1,0,1,0,0,1,0};
    vector<double> X3 = {33.77,33,22.705,25.74,27.74,29.83,25.84,26.22,39.82,24.6,30.78,23.845,35.3,32.4,31.92,28.025,27.72,32.775,36.3,35.6,26.315,32.965,20.8,36.67,26.6,36.63,21.78,30.8,37.05,35.625,28,34.43,28.69,36.955,31.825,31.68,22.88,27.36,33.66,25.935,39.1,26.315,36.19,28.5,28.1,29.59,35.53,39.805,32.965,26.885,37.62,34.8,31.16,27.2,27.74,39.49,24.795,29.83,34.77,31.3,37.62,30.8,38.28,19.95,19.3,31.6,25.46,30.115,29.92,27.5,28.025,28.4,30.875,27.94,35.09,29.7,30.8,32.205,23.37,37.1,23.75,28.975,33.915,28.785,28.3,34.7,26.505,35.9,25.555,25.175,31.9,36,25.3,28.69,38.83,30.495,37.73,28.4,24.13,29.7,37.145,25.46,39.52,24.42,25.175,35.53,27.83,36.85,39.6,29.8,37,33.155,18.905,30.3,15.96,34.8,33.345,37.7,27.835,29.2,28.9,38.28,19.95,26.41,30.69,41.895,29.92,30.9,32.2,32.11,25.74,34.43,32.8,28.6,18.05,39.33,32.23,22.3,26.4,27.74,31.8,33,30.875,28.5,26.73,30.9,37.1,26.6,23.1,33.25,30.8,34.8,33.88,38.06,41.91,31.635,25.46,27.83,27.5,26.73,29.07,38.06,36.67,22.135,35.3,30.02,38.06,35.86,20.9,28.975,17.29,32.2,34.21,30.3,31.825,25.365,24.415,26.84,24.32,36.955,42.35,19.8,32.395,25.84,29.37,34.2,27.455,27.55,20.615,31.79,21.56,27.645,31.2,26.62,48.07,26.22,36.765,33.4,29.64,45.54,26.8,27.7,25.41,27.55,37.51,33,38,33.345,27.5,33.06,26.6,24.7,35.97,35.86,31.4,33.25,32.205,32.775,37.335,25.27,29.64,23.21,36.48,33.8,36.7,36.385,27.36,31.16,28.785,34.5,27.55,32.3,27.55,36.765,41.47,29.26,35.75,29.92,27.835,23.18,27.7,35.245,38.28,27.6,43.89,29.83,41.91,30.5,21.7,21.89,30.78,24.985,30.4,22.23,28.31,24.89,40.15,30.115,31.46,17.955,30.685,33,43.34,34.4,22.61,30.21,35.625,37.43,31.445,31.35,32.3,19.855,34.4,31.02,38.17,20.6,47.52,32.965,20.4,24.31,23.6,21.12,30.03,17.48,20.235,17.195,23.9,35.15,35.64,33.88,35.86,32.775,30.59,30.2,24.31,27.265,29.165,33.1,26.9,30.5,28.595,33.11,31.73,28.9,46.75,29.45,32.68,43.01,33.1,25.65,29.6,38.6,29.6,24.13,23.4,29.735,46.53,30.14,30.495,36.63,30,38.095,25.935,25.175,28.38,28.7,33.82,24.32,32.67,30.115,29.8,33.345,25.1,28.31,28.5,36.85,32.56,41.325,37.51,31.35,31.065,21.47,28.7,38.06,31.16,32.9,25.7,27.93,28.7,34.4,26.03,23.21,30.25,28.93,30.875,31.35,23.75,28.7,32.11,33.66,22.42,30.4,28.3,35.31,30.495,31,30.875,27.36,44.22,37.73,33.88,30.59,25.8,39.425,25.46,42.13,31.73,29.7,36.19,38.9,30.2,28.05,38,31.79,47.41,30.21,35.435,31.73,23.8,33.44,34.21,34.105,35.53,32.68,30.5,44.77,40.565,30.59,31.9,29.1,27.17,26.84,30.2,23.465,25.46,45.43,23.65,20.7,28.27,20.235,30.21,30.69,31.13,21.85,33.725,29.48,33.25,37.525,39.16,31.635,25.3,39.05,25.175,23.655,26.98,29.37,34.8,33.155,19,36.63,28.595,25.6,33.11,34.1,33.535,28.785,42.46,38,38.95,36.1,35.53,22.705,39.7,24.51,42.4,35.31,26.22,32.965,42.68,31.13,36.3,35.91,28.785,46.53,33.66,22.99,38.06,32.775,32.015,31.57,31.02,43.89,21.375,40.81,31.35,36.1,17.4,20.3,35.3,18.5,26.41,26.125,41.69,27.36,36.2,32.395,23.655,34.8,33.725,39.27,34.87,41.47,32.9,38.06,28.69,30.495,27.74,35.2,30.685,40.47,22.6,22.61,24.32,36.67,33.44,40.66,36.6,27.075,28.405,21.755,36.08,24.42,30.1,38.39,31.73,29.15,26.62,26.41,30.115,27,21.755,36,30.875,28.975,33.63,27.645,22.8,27.83,34.58,35.2,27.1,26.03,31.825,32.3,29,36.48,28.88,34.2,33.33,39.805,29.26,27.7,22.515,29.92,41.8,31.92,28.5,44.22,22.895,24.795,26.18,42.24,35.815,41.42,36.575,30.14,25.84,42.94,22.515,34.43,31.46,24.225,26.125,35.53,33.7,17.67,29.81,24.32,31.825,31.79,28.025,30.78,21.85,34.39,33.82,35.97,31.5,28.31,31.35,31.1,24.7,32.78,30.495,32.45,24.1,32.3,35.53,23.75,23.845,33.11,24.13,32.23,47.6,28,19.855,25.4,29.9,37.29,43.7,29.48,24.86,30.1,28.12,27.1,33.44,28.8,34.8,37.05,26.695,28.93,28.975,30.02,39.5,33.63,26.885,29.04,24.035,38.94,32.11,44,20.045,25.555,22.515,22.515,40.92,27.265,35.1,29.355,32.585,24.6,31.73,26.695,27.5,24.605,33.99,22.895,34.21,33.2,35.815,23.4,20.1,39.16,34.21,46.53,25.8,35.3,37.18,27.5,29.735,24.225,26.18,29.48,40.185,39.93,35.8,34.2,29.7,18.335,28.405,27.835,39.49,30.8,26.79,34.96,36.67,27.1,24.795,25.365,25.745,34.32,28.16,23.56,20.235,40.5,35.42,22.895,39.995,29.92,25.46,21.375,25.9,30.59,30.115,25.8,30.115,34.675,20.52,19.8,27.835,31.6,28.27,20.045,23.275,36.29,26.885,22.99,32.7,29.6,19.19,31.73,28.215,24.985,27.74,33.33,32.3,27.6,34.2,35.815,32.68,23.32,34.6,31.6,17.29,23.655,27.93,38.38,23,37.07,28.88,28.025,23.085,30.685,25.8,35.245,24.7,52.58,22.515,30.9,36.955,26.41,29.83,29.8,27.645,28.9,31.79,39.49,33.82,32.01,27.94,41.14,28.595,25.6,25.3,37.29,42.655,21.66,31.9,37.07,31.445,31.255,28.88,18.335,29.59,32,31.68,33.66,19.95,31.5,30.495,18.3,31.54,47.74,36.19,29.83,30.4,31.35,33.77,30.875,33.99,19.095,28.6,38.94,36.08,29.8,31.24,26.22,20.35,32.3,38.39,25.85,26.315,24.51,33.33,35.75,31.4,42.75,29.9,32.8,23.87,45.9,18.335,33.82,28.12,25,22.23,30.25,37.07,32.34,32.3,32.775,32.8,21.5,34.1,36.48,32.56,35.815,27.93,22.135,44.88,23.18,41.1,34.58,42.13,38.83,28.31,26.125,40.37,24.6,35.2,26.7,41.91,29.26,32.11,24.13,27.4,34.865,29.81,41.325,29.925,30.3,27.36,23.56,35.625,32.68,25.27,28,32.775,21.755,32.395,36.575,21.755,27.93,30.02,29.355,24.32,40.375,32.11,32.3,27.28,17.86,34.8,33.4,25.555,37.1,30.875,34.1,33.3,31.255,39.14,25.08,37.29,30.21,21.945,25.3,24.42,23.94,16.815,37.18,30.305,21.8,23.3,27.83,31.065,21.66,28.215,22.705,42.13,41.8,36.96,21.28,33.11,33.33,24.3,29.4,39.82,33.63,19.8,27.3,27.72,37.9,36.385,27.645,37.715,23.18,20.52,37.1,28.05,29.9,33.345,23.76,33.915,34.485,27.61,30.4,29.735,29.925,26.79,33.33,27.645,21.66,30.03,36.3,24.32,25.9,34.32,19.95,34.9,23.21,25.745,25.175,22,27.455,25.745,30.36,30.875,20.8,27.8,27.72,21.85,28.12,30.2,32.2,26.315,26.695,42.9,34.7,28.31,20.6,53.13,39.71,26.315,31.065,26.695,38.83,40.37,25.935,33.535,32.87,30.03,24.225,38.6,33.4,44.7,30.97,25.8};
    vector<double> X4 = {1,3,0,0,3,2,0,0,0,1,1,0,0,1,1,2,3,2,2,0,0,3,0,1,0,2,1,2,1,0,1,0,3,2,2,2,1,3,4,1,2,1,0,5,3,1,0,0,0,1,1,2,0,0,0,0,1,3,2,2,1,3,0,0,0,0,0,0,3,1,1,1,2,0,0,2,0,3,2,2,0,0,3,0,0,2,0,2,0,0,3,0,2,3,3,3,1,1,1,0,3,1,0,0,0,0,3,0,1,2,5,3,3,0,0,1,0,0,2,1,2,0,3,0,2,3,2,3,1,2,0,0,0,2,0,0,1,0,0,2,0,1,4,2,1,2,2,0,0,0,3,0,3,0,0,1,2,3,1,0,0,1,2,1,3,0,0,0,1,1,2,2,2,3,0,3,4,1,3,0,3,1,3,1,1,2,1,0,2,2,1,1,0,1,2,0,1,0,1,2,3,0,1,3,2,2,2,2,2,2,0,0,3,0,0,0,0,0,1,1,4,1,2,1,0,1,0,0,0,0,1,1,0,0,4,3,2,1,0,0,0,0,0,0,3,3,0,1,0,2,1,2,3,0,0,3,0,3,1,2,0,0,2,0,0,3,4,0,1,1,2,0,3,0,0,0,1,0,0,0,1,3,1,0,1,2,5,0,1,0,0,1,0,2,5,1,0,0,0,0,1,3,0,3,5,0,1,0,0,0,0,1,4,1,0,0,2,2,0,3,0,2,0,0,1,1,2,1,0,0,0,0,3,1,0,0,0,3,2,0,0,3,0,0,1,0,4,0,2,0,0,1,0,1,3,1,2,0,1,0,0,0,1,1,2,1,0,0,0,0,0,2,1,1,0,1,0,2,0,3,2,1,3,2,0,0,0,2,2,1,0,3,0,0,0,1,1,2,5,0,0,0,1,0,1,2,1,0,1,3,1,1,2,1,1,2,1,2,0,0,0,3,0,0,2,1,2,0,3,1,0,2,0,4,0,0,1,0,0,1,0,2,1,1,5,2,1,0,2,0,2,1,4,3,0,0,2,2,0,3,0,2,0,3,3,3,1,0,2,1,2,2,0,0,1,1,0,1,0,2,0,0,2,0,3,3,0,1,2,0,0,1,1,2,0,0,3,1,1,1,1,3,3,0,3,0,0,0,1,2,0,1,0,0,4,2,3,0,2,1,1,0,0,1,1,0,0,2,3,0,1,3,3,0,0,2,0,2,1,0,1,0,0,1,0,0,1,3,2,2,0,0,1,0,1,0,2,0,2,2,1,3,1,0,1,2,0,0,0,0,0,2,0,0,0,2,0,2,3,0,0,1,2,3,0,0,2,0,1,1,0,1,0,1,5,1,3,3,4,1,0,0,0,1,0,4,0,2,0,0,2,1,0,0,0,3,0,2,3,0,0,3,1,2,0,0,1,0,0,2,1,0,1,1,5,0,2,0,2,5,2,0,0,0,1,1,3,0,1,1,1,1,1,1,1,1,2,1,2,5,3,0,0,0,0,0,3,0,1,0,3,1,5,1,3,0,0,1,2,2,1,3,3,3,0,2,0,0,1,2,3,2,1,4,1,0,2,3,2,1,0,0,2,1,0,0,3,2,0,0,0,0,0,1,2,1,1,0,1,0,1,3,0,0,0,0,1,0,1,1,3,4,1,2,0,1,1,1,0,0,2,0,1,1,0,3,1,1,2,5,0,1,0,0,0,4,0,0,1,2,3,1,0,0,0,2,3,1,3,3,3,0,2,1,0,1,0,1,5,2,0,0,3,1,0,0,1,2,2,3,0,1,0,0,3,1,4,3,0,2,0,1,2,1,1,0,0,2,2,2,0,2,2,1,1,0,0,1,0,0,1,2,3,0,1,0,2,1,1,0,0,3,0,1,2,2,0,1,3,1,2,2,1,1,1,2,2,1,0,0,2,3,1,0,0,1,2,2,0,0,0,2,0,0,0,3,1,2,2,3,0,0,5,4,0,1,0,0,0,0,3,1,3,0,0,1,1,1,2,0,1,0,1,0,0,1,2,0,2,0,1,1,0,1,1,2,0,0,3,0,1,2,1,0,3,1,0,0,0,4,0,2,1,0,1,2,1,0,0,4,2,3,0,0,2,1,0,0,1,2,2,0,3,3,0};
    vector<double> X5 = {0,0,0,0,0,0,0,0,0,0,0,0,1,0,1,0,0,0,1,1,0,0,0,1,0,0,0,0,0,0,1,1,0,1,0,1,1,0,0,0,0,0,0,0,0,0,0,0,0,0,1,1,1,0,0,0,0,1,0,1,0,0,0,1,1,0,0,0,1,0,1,0,0,0,1,0,0,0,0,0,0,0,0,0,1,0,0,0,0,0,0,0,1,1,0,1,0,0,0,0,0,0,0,1,1,1,0,1,0,0,0,0,0,0,0,0,0,1,0,0,0,0,0,0,0,1,0,0,0,0,0,0,0,0,0,0,0,0,0,1,0,0,0,0,0,0,0,0,0,0,0,1,0,0,0,0,0,0,0,0,1,0,1,0,0,0,0,0,0,0,1,1,1,0,1,0,0,1,1,1,1,1,0,0,0,1,0,0,0,0,0,0,0,0,0,0,1,0,0,1,0,1,1,0,0,0,0,0,0,0,0,0,1,0,1,0,0,0,0,0,0,0,1,1,0,1,1,0,0,0,0,1,0,0,0,0,0,0,0,0,0,0,0,0,0,0,0,0,1,0,0,0,0,0,1,1,1,0,0,1,1,0,0,0,0,0,0,0,0,0,0,0,0,0,0,0,0,0,0,0,0,0,0,0,1,1,0,0,0,1,1,1,0,0,0,0,0,0,0,0,0,0,0,0,0,0,0,0,0,0,0,0,0,0,0,0,0,0,0,0,1,0,0,0,1,0,0,0,0,0,0,0,1,1,1,0,0,0,0,0,0,0,0,1,0,0,1,0,0,1,0,1,1,0,0,0,0,0,0,0,0,0,1,0,0,0,0,0,0,0,0,0,0,0,0,1,0,0,0,0,0,0,0,0,1,0,0,0,0,0,0,1,0,0,0,0,0,0,0,0,0,0,0,0,0,0,0,0,0,0,1,0,0,1,0,0,0,0,0,0,0,0,0,1,0,0,0,0,0,1,0,1,1,1,1,0,0,0,1,0,0,0,0,0,0,0,0,0,0,0,0,0,0,0,0,1,1,1,1,0,0,1,0,0,1,0,0,0,1,0,0,0,0,0,0,0,0,0,0,0,0,0,0,1,0,0,0,0,0,0,0,0,0,0,0,0,0,0,0,1,0,1,0,1,1,1,0,0,0,0,0,0,0,0,0,0,0,1,0,0,1,0,0,0,0,0,1,0,0,0,0,0,0,0,0,0,1,0,0,1,0,1,0,0,0,0,0,0,0,0,0,0,1,1,0,0,0,0,0,1,1,1,0,0,0,0,0,0,0,0,0,1,0,1,0,0,1,0,1,1,1,0,1,0,0,0,0,0,0,0,0,0,0,0,0,0,0,1,0,1,1,0,0,0,1,0,0,1,0,0,1,0,0,0,1,0,0,0,0,1,1,0,0,0,0,1,0,0,0,0,0,0,0,0,0,0,0,0,0,0,0,0,0,0,0,1,1,0,0,1,0,1,0,1,0,0,1,0,0,0,0,0,0,0,0,1,0,0,0,0,1,0,0,0,0,0,1,0,0,0,0,1,0,0,0,1,1,0,0,0,1,0,0,0,0,0,0,0,0,0,0,0,0,1,0,0,0,1,0,1,0,1,0,0,1,1,0,1,0,0,0,1,0,0,0,0,0,0,0,1,0,0,0,0,0,0,0,1,0,0,0,0,0,0,1,0,0,0,0,1,0,0,1,0,1,0,0,0,0,1,0,0,0,0,0,0,0,0,1,1,0,0,1,1,1,1,0,0,0,0,0,0,0,0,0,0,0,0,0,0,1,0,0,0,1,0,0,0,1,0,0,0,0,0,0,0,0,0,0,1,0,0,0,1,0,0,1,0,0,0,0,0,1,0,1,0,0,0,0,0,0,0,1,0,0,0,0,0,1,0,0,1,1,0,0,0,0,0,0,0,0,0,0,0,1,0,0,0,0,1,0,0,0,0,0,0,0,1,1,0,0,0,0,0,0,1,0,1,0,0,0,0,0,0,0,0,0,0,0,1,0,0,0,0,0,1,0,0,1,1,0,1,0,0,0,0,1,0,0,0,0,0,0,1,1,0,1,0,1,1,1,0,0,0,0,1,0,0,0,0,0,0,1,0,1,0,0,0,0,0,0,0,0,0,0};
    // la X6 nu e bine - Output: 3.02499e+008 2.72739e+008
//    vector<double> X6 = {2,3,0,3,1,0,2,3,2,0,1,2,2,0,2,1,0,1,2,3,0,1,3,1,0,2,1,3,1,0,3,2,0,0,0,2,2,0,0,0,0,3,2,0,0,0,3,0,3,1,1,1,1,1,2,2,0,2,1,3,3,1,3,0,0,0,1,0,3,2,2,0,3,2,1,3,3,3,3,2,1,2,3,2,0,0,1,0,2,0,0,3,3,1,3,1,3,3,2,2,2,0,2,1,1,2,3,1,1,2,3,3,0,2,0,1,2,0,0,3,3,0,2,2,0,0,3,3,3,0,2,3,2,0,0,3,2,3,1,3,0,3,2,0,2,2,3,3,3,0,1,2,3,1,2,0,2,0,1,3,2,2,2,0,3,0,1,1,2,1,1,0,1,0,0,1,3,1,0,1,1,2,3,0,2,3,1,3,3,0,2,0,2,1,2,3,3,2,0,2,1,2,2,1,2,3,1,3,0,2,0,1,3,1,1,0,0,0,1,1,0,1,2,3,0,0,2,0,1,2,1,2,3,3,0,0,3,2,3,1,3,3,2,0,0,2,3,1,0,2,2,0,2,2,1,2,2,1,3,2,2,1,2,1,0,3,2,2,3,3,1,1,2,3,3,2,2,0,3,1,1,3,3,0,1,1,2,3,2,3,1,0,2,3,2,2,1,2,3,0,3,1,3,2,2,1,3,1,0,0,3,0,0,0,3,1,1,0,2,3,0,0,2,3,2,2,0,1,0,0,3,1,3,1,3,0,0,2,3,2,0,2,0,2,1,0,0,1,0,3,0,2,0,0,3,2,0,0,1,2,1,1,0,1,3,3,3,1,3,0,0,0,1,3,1,1,1,3,0,3,3,2,0,3,1,3,0,0,3,2,0,1,1,1,0,3,3,3,1,2,0,2,3,1,2,2,3,3,2,1,3,2,2,3,3,3,3,3,3,3,3,2,0,3,1,1,2,1,3,0,1,3,2,0,0,3,2,0,0,2,2,0,2,1,1,0,3,2,3,2,0,0,0,3,0,0,1,1,0,2,1,1,0,1,3,3,3,2,2,1,0,1,2,0,3,3,0,2,3,2,3,0,3,2,0,1,2,1,0,2,1,0,3,2,1,3,3,0,3,1,1,0,2,3,1,1,3,3,1,1,2,1,0,2,3,3,2,0,0,3,2,2,0,2,1,1,1,3,1};
    // noul X6 facut de mine - Output: 3.02531e+008 3.01891e+008
    vector<double> X6 = {0, 0, 3, 0, 3, 2, 3, 2, 0, 1, 2, 2, 1, 1, 2, 3, 0, 3, 1, 1, 2, 3, 1, 2, 2, 0, 0, 0, 2, 2, 1, 0, 3, 3, 2, 0, 0, 2, 0, 3, 1, 3, 0, 2, 1, 0, 0, 2, 3, 2, 0, 1, 3, 1, 3, 0, 3, 2, 3, 1, 0, 1, 0, 2, 1, 1, 2, 2, 0, 1, 3, 1, 3, 0, 0, 1, 1, 2, 3, 1, 2, 3, 3, 2, 1, 1, 2, 1, 3, 3, 0, 1, 0, 3, 0, 3, 0, 1, 3, 0, 2, 2, 3, 0, 2, 0, 0, 0, 1, 1, 1, 3, 2, 1, 2, 1, 3, 1, 3, 1, 1, 0, 2, 3, 0, 2, 0, 1, 1, 3, 0, 0, 1, 0, 3, 2, 0, 1, 0, 2, 1, 1, 3, 3, 0, 1, 1, 3, 0, 2, 1, 1, 0, 0, 0, 2, 2, 0, 1, 0, 3, 0, 2, 2, 1, 3, 0, 0, 1, 2, 2, 1, 0, 1, 2, 2, 3, 0, 2, 3, 0, 0, 2, 2, 0, 1, 2, 3, 3, 0, 0, 2, 1, 0, 2, 3, 2, 1, 2, 0, 1, 1, 0, 2, 0, 0, 1, 3, 1, 3, 1, 1, 0, 0, 1, 2, 3, 2, 2, 3, 2, 0, 3, 1, 1, 2, 3, 3, 2, 1, 3, 2, 2, 2, 0, 0, 0, 0, 3, 3, 1, 2, 0, 1, 0, 3, 0, 1, 1, 0, 2, 3, 2, 2, 3, 2, 0, 3, 0, 2, 2, 0, 0, 1, 3, 3, 2, 3, 2, 2, 2, 3, 1, 0, 0, 1, 0, 3, 1, 0, 1, 0, 0, 3, 2, 2, 1, 3, 0, 0, 0, 2, 2, 1, 0, 2, 2, 1, 1, 1, 3, 0, 2, 1, 0, 2, 3, 0, 1, 3, 1, 1, 1, 3, 1, 3, 0, 0, 3, 0, 1, 2, 2, 3, 0, 1, 3, 2, 0, 2, 1, 2, 1, 3, 2, 0, 0, 3, 0, 0, 2, 3, 1, 0, 3, 1, 1, 2, 1, 1, 2, 0, 0, 0, 3, 3, 3, 1, 2, 0, 2, 1, 1, 0, 3, 1, 2, 2, 0, 0, 0, 3, 1, 2, 2, 0, 2, 0, 0, 1, 1, 0, 1, 0, 0, 3, 2, 3, 1, 2, 0, 3, 3, 2, 1, 0, 3, 3, 1, 1, 3, 0, 1, 2, 2, 0, 0, 1, 0, 2, 3, 0, 0, 2, 2, 0, 2, 3, 0, 3, 1, 0, 2, 3, 2, 0, 1, 2, 2, 0, 2, 1, 0, 1, 2, 3, 0, 1, 3, 1, 0, 2, 1, 3, 1, 0, 3, 2, 0, 0, 0, 2, 2, 0, 0, 0, 0, 3, 2, 0, 0, 0, 3, 0, 3, 1, 1, 1, 1, 1, 2, 2, 0, 2, 1, 3, 3, 1, 3, 0, 0, 0, 1, 0, 3, 2, 2, 0, 3, 2, 1, 3, 3, 3, 3, 2, 1, 2, 3, 2, 0, 0, 1, 0, 2, 0, 0, 3, 3, 1, 3, 1, 3, 3, 2, 2, 2, 0, 2, 1, 1, 2, 3, 1, 1, 2, 3, 3, 0, 2, 0, 1, 2, 0, 0, 3, 3, 0, 2, 2, 0, 0, 3, 3, 3, 0, 2, 3, 2, 0, 0, 3, 2, 3, 1, 3, 0, 3, 2, 0, 2, 2, 3, 3, 3, 0, 1, 2, 3, 1, 2, 0, 2, 0, 1, 3, 2, 2, 2, 0, 3, 0, 1, 1, 2, 1, 1, 0, 1, 0, 0, 1, 3, 1, 0, 1, 1, 2, 3, 0, 2, 3, 1, 3, 3, 0, 2, 0, 2, 1, 2, 3, 3, 2, 0, 2, 1, 2, 2, 1, 2, 3, 1, 3, 0, 2, 0, 1, 3, 1, 1, 0, 0, 0, 1, 1, 0, 1, 2, 3, 0, 0, 2, 0, 1, 2, 1, 2, 3, 3, 0, 0, 3, 2, 3, 1, 3, 3, 2, 0, 0, 2, 3, 1, 0, 2, 2, 0, 2, 2, 1, 2, 2, 1, 3, 2, 2, 1, 2, 1, 0, 3, 2, 2, 3, 3, 1, 1, 2, 3, 3, 2, 2, 0, 3, 1, 1, 3, 3, 0, 1, 1, 2, 3, 2, 3, 1, 0, 2, 3, 2, 2, 1, 2, 3, 0, 3, 1, 3, 2, 2, 1, 3, 1, 0, 0, 3, 0, 0, 0, 3, 1, 1, 0, 2, 3, 0, 0, 2, 3, 2, 2, 0, 1, 0, 0, 3, 1, 3, 1, 3, 0, 0, 2, 3, 2, 0, 2, 0, 2, 1, 0, 0, 1, 0, 3, 0, 2, 0, 0, 3, 2, 0, 0, 1, 2, 1, 1, 0, 1, 3, 3, 3, 1, 3, 0, 0, 0, 1, 3, 1, 1, 1, 3, 0, 3, 3, 2, 0, 3, 1, 3, 0, 0, 3, 2, 0, 1, 1, 1, 0, 3, 3, 3, 1, 2, 0, 2, 3, 1, 2, 2, 3, 3, 2, 1, 3, 2, 2, 3, 3, 3, 3, 3, 3, 3, 3, 2, 0, 3, 1, 1, 2, 1, 3, 0, 1, 3, 2, 0, 0, 3, 2, 0, 0, 2, 2, 0, 2, 1, 1, 0, 3, 2, 3, 2, 0, 0, 0, 3, 0, 0, 1, 1, 0, 2, 1, 1, 0, 1, 3, 3, 3, 2, 2, 1, 0, 1, 2, 0, 3, 3, 0, 2, 3, 2, 3, 0, 3, 2, 0, 1, 2, 1, 0, 2, 1, 0, 3, 2, 1, 3, 3, 0, 3, 1, 1, 0, 2, 3, 1, 1, 3, 3, 1, 1, 2, 1, 0, 2, 3, 3, 2, 0, 0, 3, 2, 2, 0, 2, 1, 1, 1, 3, 1};
	vector<double> Y = {1725.5523,4449.462,21984.47061,3756.6216,7281.5056,6406.4107,28923.13692,2721.3208,11090.7178,1837.237,10797.3362,2395.17155,36837.467,4149.736,37701.8768,6203.90175,14001.1338,12268.63225,38711,35585.576,2198.18985,15612.19335,2302.3,39774.2763,3046.062,4949.7587,6272.4772,6313.759,6079.6715,2211.13075,23568.272,37742.5757,8059.6791,47496.49445,13607.36875,34303.1672,23244.7902,8606.2174,4504.6624,4133.64165,14235.072,6389.37785,5920.1041,6799.458,11741.726,3947.4131,1532.4697,2755.02095,6571.02435,4441.21315,37165.1638,39836.519,43578.9394,11073.176,8026.6666,2026.9741,10942.13205,30184.9367,5729.0053,47291.055,3766.8838,12105.32,10226.2842,22412.6485,15820.699,6186.127,3645.0894,21344.8467,30942.1918,5003.853,17560.37975,2331.519,3877.30425,2867.1196,47055.5321,11881.358,4646.759,11488.31695,6686.4313,7740.337,1705.6245,2257.47525,10115.00885,3385.39915,17081.08,6082.405,12815.44495,11163.568,1632.56445,2045.68525,27322.73386,2166.732,18972.495,20745.9891,5138.2567,40720.55105,9877.6077,1842.519,5125.2157,7789.635,6334.34355,7077.1894,6948.7008,21223.6758,15518.18025,36950.2567,19749.38338,36149.4835,10450.552,5152.134,4830.63,6128.79745,4827.90495,8116.68,1694.7964,5246.047,2855.43755,48824.45,6455.86265,10436.096,8823.279,1631.8212,4005.4225,7419.4779,7731.4271,43753.33705,3981.9768,5325.651,6775.961,4922.9159,2137.6536,1137.4697,5649.715,8516.829,9644.2525,14901.5167,8871.1517,7147.105,11743.299,20984.0936,13880.949,1980.07,8162.71625,3537.703,5002.7827,8520.026,7371.772,10355.641,2483.736,10564.8845,5253.524,34779.615,11987.1682,2689.4954,24227.33724,7358.17565,9225.2564,14001.2867,12333.828,1615.7667,17352.6803,7152.6714,38511.6283,5354.07465,7196.867,24476.47851,12648.7034,1986.9334,1832.094,4040.55825,12829.4551,47305.305,44260.7499,4260.744,41097.16175,13047.33235,11520.09985,17085.2676,24869.8368,36219.40545,46151.1245,17179.522,14590.63205,9282.4806,1719.4363,42856.838,9617.66245,2523.1695,2803.69785,12928.7911,9855.1314,4237.12655,9625.92,7742.1098,9432.9253,14256.1928,47896.79135,3172.018,20277.80751,42112.2356,3906.127,16297.846,21978.6769,6746.7425,12265.5069,4349.462,12646.207,19442.3535,20177.67113,7749.1564,8444.474,1737.376,42124.5153,8124.4084,34838.873,9722.7695,8835.26495,10435.06525,4667.60765,4894.7533,24671.66334,3561.8889,42760.5022,47928.03,9144.565,48517.56315,24393.6224,13429.0354,11658.37915,13822.803,13937.6665,41919.097,13217.0945,13981.85035,10977.2063,6184.2994,4889.9995,5478.0368,1635.73365,11830.6072,3554.203,12404.8791,14133.03775,24603.04837,8944.1151,9620.3307,1837.2819,4751.07,13844.506,3180.5101,9778.3472,8017.06115,3481.868,12029.2867,18033.9679,21659.9301,38126.2465,16455.70785,27000.98473,15006.57945,42303.69215,20781.48892,5846.9176,1261.859,3176.8159,4618.0799,10736.87075,2138.0707,8964.06055,9290.1395,9411.005,7526.70645,8522.003,16586.49771,1631.6683,9264.797,8083.9198,14692.66935,3260.199,4185.0979,8539.671,6652.5288,4074.4537,1621.3402,19594.80965,14455.64405,5080.096,2134.9015,7345.7266,46889.2612,46599.1084,39125.33225,2727.3951,8968.33,9788.8659,6555.07035,7323.734819,23082.95533,5969.723,12638.195,4243.59005,13919.8229,2254.7967,5926.846,12592.5345,2897.3235,4738.2682,1149.3959,7345.084,11454.0215,5910.944,4762.329,7512.267,4032.2407,1969.614,1769.53165,4686.3887,11881.9696,11840.77505,10381.4787,22144.032,15230.32405,11165.41765,1632.03625,19521.9682,13224.693,12643.3778,23288.9284,2497.0383,2203.47185,1744.465,20878.78443,25382.297,28868.6639,35147.52848,1534.3045,1824.2854,15555.18875,9304.7019,1622.1885,4347.02335,12475.3513,1253.936,48885.13561,10461.9794,1748.774,17942.106,1967.0227,8027.968,36197.699,6837.3687,22218.1149,32548.3405,5974.3847,6796.86325,2643.2685,3077.0955,11455.28,11763.0009,2498.4144,9361.3268,1256.299,21082.16,27724.28875,8413.46305,5240.765,3857.75925,25656.57526,3994.1778,5397.6167,11482.63485,24059.68019,9861.025,8342.90875,1708.0014,48675.5177,14043.4767,12925.886,19214.70553,5972.378,8825.086,8233.0975,6196.448,3056.3881,63770.42801,10231.4999,3268.84665,11187.6567,3847.674,8334.5896,3935.1799,39983.42595,1646.4297,10923.9332,2494.022,9058.7303,6373.55735,7256.7231,11552.904,3761.292,12222.8983,1664.9996,9724.53,3206.49135,12913.9924,6356.2707,17626.23951,1242.816,4779.6023,3861.20965,43943.8761,5976.8311,2566.4707,15359.1045,8823.98575,7640.3092,5594.8455,33471.97189,1633.0444,9174.13565,11070.535,16085.1275,3558.62025,25678.77845,4435.0942,8547.6913,6571.544,2207.69745,6753.038,42969.8527,11658.11505,23306.547,34439.8559,40182.246,34617.84065,12129.61415,11326.71487,11365.952,42983.4585,10085.846,3366.6697,7173.35995,9391.346,2709.1119,6666.243,18806.14547,6123.5688,12430.95335,9800.8882,8280.6227,8527.532,26392.26029,14394.39815,6435.6237,1136.3994,27037.9141,42560.4304,40003.33225,45710.20785,4837.5823,6185.3208,46200.9851,7222.78625,12485.8009,46130.5265,12363.547,2585.269,1242.26,40103.89,4766.022,11244.3769,7729.64575,5438.7491,2104.1134,8068.185,2362.22905,2352.96845,3577.999,10976.24575,3500.6123,2020.5523,9504.3103,5375.038,44400.4064,10264.4421,6113.23105,5469.0066,1727.54,8310.83915,1984.4533,2457.502,9566.9909,13112.6048,10848.1343,12231.6136,9875.6804,11264.541,10106.13425,6664.68595,16657.71745,6781.3542,19361.9988,4234.927,40419.0191,36189.1017,18246.4955,3757.8448,8827.2099,9910.35985,11737.84884,1627.28245,8556.907,3062.50825,1906.35825,17128.42608,5031.26955,7985.815,23065.4207,3925.7582,2416.955,19040.876,3070.8087,11842.62375,8062.764,7050.642,12797.20962,17748.5062,7261.741,10560.4917,7448.40395,4350.5144,6414.178,5209.57885,13457.9608,5662.225,7209.4918,18310.742,4266.1658,4719.52405,17904.52705,7046.7222,38792.6856,7731.85785,28476.73499,2136.88225,1131.5066,3309.7926,6360.9936,4428.88785,5584.3057,1877.9294,2842.76075,23401.30575,55135.40209,7445.918,2680.9493,8219.2039,12523.6048,16069.08475,43813.8661,20773.62775,39597.4072,6117.4945,11743.9341,5377.4578,7160.3303,4402.233,11657.7189,12622.1795,1526.312,12323.936,36021.0112,10072.05505,45008.9555,2974.126,14119.62,42111.6647,11729.6795,24106.91255,40974.1649,15817.9857,18218.16139,46113.511,7151.092,5458.04645,8782.469,6600.361,1141.4451,11576.13,3392.3652,5966.8874,6849.026,2690.1138,26140.3603,6653.7886,6282.235,3443.064,46255.1125,4877.98105,19719.6947,27218.43725,5272.1758,1682.597,11945.1327,29330.98315,7243.8136,10422.91665,44202.6536,13555.0049,13063.883,19798.05455,2221.56445,2117.33885,8688.85885,48673.5588,4661.28635,12644.589,4564.19145,4846.92015,17496.306,33732.6867,14382.70905,7626.993,5257.50795,2473.3341,35069.37452,5245.2269,13462.52,4320.41085,2913.569,12032.326,13470.8044,6289.7549,2927.0647,10096.97,7348.142,4673.3922,12233.828,32108.66282,8965.79575,2304.0022,9487.6442,2217.46915,12982.8747,11674.13,39047.285,19933.458,11534.87265,4527.18295,20009.63365,3875.7341,41999.52,12609.88702,41034.2214,28468.91901,4746.344,23967.38305,7518.02535,3279.86855,8596.8278,10702.6424,4992.3764,2527.81865,1759.338,2322.6218,16138.76205,9704.66805,4889.0368,25517.11363,4500.33925,19199.944,16796.41194,4915.05985,7624.63,8410.04685,4518.82625,14571.8908,3378.91,7144.86265,10118.424,5484.4673,16420.49455,7986.47525,6551.7501,5267.81815,17361.7661,34472.841,21232.18226,8627.5411,4433.3877,24915.22085,23241.47453,9957.7216,36580.28216,8765.249,5383.536,3987.926,12495.29085,26018.95052,1711.0268,2020.177,9850.432,6877.9801,21677.28345,4137.5227,12950.0712,12094.478,37484.4493,2250.8352,20234.85475,1704.70015,33475.81715,3161.454,11394.06555,21880.82,44501.3982,3594.17085,39727.614,8023.13545,14394.5579,9288.0267,25309.489,10594.50155,8277.523,17929.30337,2480.9791,4462.7218,1981.5819,11554.2236,48970.2476,6548.19505,5708.867,7045.499,8978.1851,5757.41345,14349.8544,10928.849,39871.7043,13974.45555,1909.52745,12096.6512,13204.28565,4562.8421,8551.347,34672.1472,15161.5344,5855.9025,4076.497,15019.76005,19023.26,11353.2276,9748.9106,41676.0811,11286.5387,33907.548,4561.1885,1674.6323,23045.56616,3227.1211,16776.30405,11253.421,3471.4096,11363.2832,20420.60465,10338.9316,10493.9458,8605.3615,11512.405,41949.2441,24180.9335,5312.16985,2396.0959,36124.5737,38282.7495,34166.273,40904.1995,10214.636,14358.36437,8582.3023,3693.428,9991.03765,19673.33573,11085.5868,7623.518,3176.2877,3704.3545,9048.0273,6338.0756,9630.397,11289.10925,52590.82939,10791.96,5979.731,12235.8392,40941.2854,5630.45785,11015.1747,7228.21565,39722.7462,14426.07385,3989.841,7727.2532,5124.1887,18963.17192,7153.5539,5227.98875,10982.5013,4529.477,4670.64,22478.6,11093.6229,6457.8434,4433.9159,23887.6627,6496.886,2899.48935,19350.3689,7650.77375,2850.68375,2632.992,9447.3824,8603.8234,37465.34375,13844.7972,21771.3423,13126.67745,5327.40025,13725.47184,13019.16105,8671.19125,4134.08245,18838.70366,33307.5508,6393.60345,6198.7518,8733.22925,2055.3249,9964.06,18223.4512,5116.5004,36910.60803,38415.474,20296.86345,12347.172,5373.36425,23563.01618,10806.839,3956.07145,12890.05765,5415.6612,4058.1161,7537.1639,4718.20355,8442.667,26125.67477,6858.4796,6640.54485,7162.0122,11938.25595,20167.33603,11345.519,8515.7587,2699.56835,14449.8544,12224.35085,6985.50695,3238.4357,47269.854,49577.6624,4296.2712,3171.6149,1135.9407,5615.369,6059.173,1633.9618,37607.5277,1241.565,16232.847,4415.1588,6474.013,11436.73815,11305.93455,30063.58055,10197.7722,4544.2348,3277.161,6770.1925,7337.748,10370.91255,26926.5144,3292.52985,3021.80915,4747.0529,2741.948,4357.04365,22462.04375,4189.1131,8283.6807,24535.69855,14283.4594,1720.3537,47403.88,8534.6718,5472.449,7147.4728,7133.9025,34828.654,1515.3449,9301.89355,11931.12525,1964.78,5261.46945,2710.82855,62592.87309,46718.16325,3208.787,37829.7242,2464.6188,16115.3045,21472.4788,33900.653,6875.961,6940.90985,4571.41305,4536.259,36397.576,11272.33139,1731.677,1163.4627,19496.71917,7201.70085,5425.02335,28101.33305,12981.3457,43896.3763,4239.89265,13143.33665,7050.0213,9377.9047,22395.74424,10325.206,10795.93733,11411.685,10600.5483,2007.945};
 
    // Antrenarea modelului prin gradient descent
    double learningRate = 0.001;
    int numIterations = 1000;
    trainModel(X1, X2, X3, X4, X5, X6, Y, w0, w1, w2, w3, w4, w5, w6, learningRate, numIterations);

    // Calcularea erorii patratice medii pentru lotul de antrenare
    double trainMSE = calculateMSE(X1, X2, X3, X4, X5, X6, Y, w0, w1, w2, w3, w4, w5, w6);

    // Calcularea erorii patratice medii pentru lotul de testare
    double testMSE = calculateMSE(testX1, testX2, testX3, testX4, testX5, testX6, testY, w0, w1, w2, w3, w4, w5, w6);

    // Afi?area rezultatelor
    std::cout << "Mean Squared Error (Training): " << trainMSE << std::endl;
    std::cout << "Mean Squared Error (Testing): " << testMSE << std::endl;



    return 0;
}
